1 157
2 181
3 181
4 235
5 255
6 248
7 284
8 318
9 337
10 361
20 650
30 838
40 1122
50 1370
60 1651
70 1880
80 2117
90 2346
100 2584
200 5110
300 7640
400 10063
500 12588
600 15077
700 17543
800 20041
900 22593
1000 25117
2000 50044
3000 75045
4000 99811
5000 124619
6000 149907
7000 174829
8000 199926
9000 224687
10000 249256
20000 499217
30000 754862
40000 1001409
50000 1261775
60000 1509538
70000 1748865
80000 2002815
90000 2257536
100000 2503778
200000 5007011
300000 7505529
400000 10002484
500000 12502796
600000 14999684
700000 17495793
800000 19999521
900000 22490682
1000000 24990658
2000000 49965102
3000000 74974117
4000000 99915775
5000000 124922158
6000000 149912612
7000000 174870303
8000000 199830290
9000000 224891371
10000000 249823857
20000000 499670951
30000000 749487221
40000000 999399381
50000000 1249126987
60000000 1498880322
70000000 1748682948
80000000 1998688097
90000000 2248502213
100000000 2498452502
