1 150
2 127
3 106
4 139
5 142
6 144
7 137
8 158
9 147
10 183
20 211
30 239
40 253
50 333
60 354
70 380
80 449
90 449
100 531
200 892
300 1185
400 1595
500 1980
600 2354
700 2726
800 3082
900 3517
1000 3833
2000 7551
3000 11249
4000 14961
5000 18612
6000 22344
7000 26030
8000 35560
9000 33446
10000 37133
20000 74096
30000 111073
40000 148148
50000 185094
60000 222080
70000 259082
80000 296106
90000 338904
100000 382568
200000 739993
300000 1115062
400000 1487139
500000 1863726
600000 2227506
700000 2607604
800000 2969404
900000 3337263
1000000 3711323
2000000 7427745
3000000 11141792
4000000 14842719
5000000 18553511
6000000 22547430
7000000 25967830
8000000 29668766
9000000 33367619
10000000 37092943
20000000 74174504
30000000 111237707
40000000 148322264
50000000 185362094
60000000 222494305
70000000 259496387
80000000 296598583
90000000 333682870
100000000 370735081
