1 600
2 1092
3 1576
4 2029
5 2476
6 2998
7 3477
8 3963
9 4419
10 4856
20 9654
30 14412
40 19123
50 23963
60 28729
70 33503
80 38294
90 43075
100 53436
200 95556
300 143327
400 191125
500 238887
600 300642
700 341552
800 382137
900 429839
1000 483292
2000 961284
3000 1440716
4000 1914345
5000 2405637
6000 2885606
7000 3361089
8000 3840708
9000 4312220
10000 4796870
20000 9586141
30000 14371787
40000 19161496
50000 23950144
60000 28738548
70000 33528024
80000 38317397
90000 43101103
100000 47883494
200000 95781431
300000 143643131
400000 191520455
500000 239404905
600000 287266090
700000 335160327
800000 383012852
900000 430914786
1000000 478804272
2000000 957530505
3000000 1436270278
4000000 1915093129
5000000 2393888829
6000000 2873712882
7000000 3351482540
8000000 3830198549
9000000 4308919356
10000000 4787863245
20000000 9575417786
30000000 14364023875
40000000 19150671975
50000000 23939100255
60000000 28727472474
70000000 33514457536
80000000 38303810968
90000000 43089729948
100000000 47878716589
