1 5383
2 10658
3 15958
4 21217
5 25613
6 31722
7 37002
8 42236
9 47524
10 51930
20 104604
30 157205
40 209831
50 262573
60 315200
70 367830
80 420497
90 473076
100 531617
200 1055487
300 1594831
400 2112270
500 2638495
600 3174510
700 3703312
800 4222625
900 4750245
1000 5285684
2000 10563676
3000 15838170
4000 21117966
5000 26395461
6000 31674288
7000 36964837
8000 42234892
9000 47503449
10000 52781195
20000 105561372
30000 158316520
40000 211087024
50000 263885531
60000 316640853
70000 369423362
80000 422190832
90000 474970519
100000 527748657
200000 1055462691
300000 1583135770
400000 2110937363
500000 2638541274
600000 3166376803
700000 3693976763
800000 4221735519
900000 4750474943
1000000 5277108798
2000000 10554102950
3000000 15832057988
4000000 21108690024
5000000 26386739220
6000000 31663325506
7000000 36940813916
8000000 42218031419
9000000 47494662959
10000000 52772077666
20000000 105544427935
30000000 158314621912
40000000 211087791411
50000000 263859227780
60000000 316630209750
70000000 369403322643
80000000 422180828427
90000000 474954310481
100000000 527725668950
